# unix_time, cycles_done, cur_path, paths_total, pending_total, pending_favs, map_size, unique_crashes, unique_hangs, max_depth, execs_per_sec
1520998425, 0, 0, 1, 1, 1, 0.11%, 0, 0, 1, 615.38
1520998430, 0, 0, 10, 10, 1, 0.13%, 0, 0, 2, 2494.95
1520998435, 0, 0, 18, 18, 1, 0.13%, 0, 0, 2, 2826.63
1520998455, 0, 0, 19, 19, 1, 0.13%, 0, 0, 2, 3006.70
1520998465, 0, 0, 48, 48, 1, 0.13%, 0, 0, 2, 2303.31
1520998471, 0, 0, 53, 53, 1, 0.13%, 0, 0, 2, 2137.42
1520998476, 0, 0, 57, 57, 1, 0.14%, 0, 0, 2, 2802.43
1520998481, 0, 42, 62, 60, 9, 0.14%, 0, 0, 3, 3149.02
1520998486, 0, 45, 64, 61, 8, 0.14%, 0, 0, 3, 3137.00
1520998496, 0, 52, 64, 60, 7, 0.14%, 0, 0, 3, 3048.96
1520998511, 0, 55, 65, 59, 4, 0.14%, 0, 0, 3, 3082.26
1520998516, 0, 64, 69, 59, 1, 0.14%, 0, 0, 4, 3203.02
1520998521, 1, 2, 69, 57, 0, 0.14%, 0, 0, 4, 3396.50
1520998526, 1, 8, 69, 56, 0, 0.14%, 0, 0, 4, 3126.97
1520998562, 1, 9, 69, 55, 0, 0.14%, 0, 0, 4, 2881.77
1520998602, 1, 10, 69, 54, 0, 0.14%, 0, 0, 4, 2934.57
1520998632, 1, 17, 69, 51, 0, 0.14%, 0, 0, 4, 3102.38
1520998673, 1, 18, 69, 50, 0, 0.14%, 0, 0, 4, 2975.20
1520998709, 1, 19, 69, 49, 0, 0.14%, 0, 0, 4, 3009.80
1520998719, 1, 19, 74, 54, 0, 0.14%, 0, 0, 4, 3216.07
1520998729, 1, 72, 78, 57, 4, 0.15%, 0, 0, 5, 3174.97
1520998739, 1, 75, 81, 59, 3, 0.15%, 0, 0, 6, 3211.41
1520998744, 1, 75, 82, 60, 3, 0.15%, 0, 0, 6, 3449.29
1520998749, 1, 76, 82, 59, 3, 0.15%, 0, 0, 6, 3161.58
1520998754, 2, 62, 82, 57, 1, 0.15%, 0, 0, 6, 3182.22
1520998759, 2, 70, 82, 56, 0, 0.15%, 0, 0, 6, 2927.02
1520998764, 2, 71, 82, 55, 0, 0.15%, 0, 0, 6, 2939.03
1520998769, 2, 78, 82, 54, 0, 0.15%, 0, 0, 6, 2952.61
1520998784, 2, 81, 82, 53, 0, 0.15%, 0, 0, 6, 2767.79
1520998789, 2, 82, 83, 53, 0, 0.15%, 0, 0, 7, 2857.94
1520998800, 3, 3, 84, 53, 0, 0.15%, 0, 0, 8, 2868.43
1520998840, 3, 7, 84, 52, 0, 0.15%, 0, 0, 8, 3035.74
1520998880, 3, 20, 84, 51, 0, 0.15%, 0, 0, 8, 3057.67
1520998890, 3, 22, 84, 50, 0, 0.15%, 0, 0, 8, 3012.52
1520998926, 3, 25, 84, 49, 0, 0.15%, 0, 0, 8, 3055.72
1520998936, 3, 28, 84, 48, 0, 0.15%, 0, 0, 8, 3057.01
1520998956, 3, 31, 84, 46, 0, 0.15%, 0, 0, 8, 3280.87
1520998992, 3, 36, 84, 45, 0, 0.15%, 0, 0, 8, 3124.31
1520998997, 3, 37, 84, 44, 0, 0.15%, 0, 0, 8, 3243.28
1520999007, 3, 39, 84, 43, 0, 0.15%, 0, 0, 8, 3192.49
1520999022, 3, 40, 84, 42, 0, 0.15%, 0, 0, 8, 3052.77
1520999037, 3, 50, 85, 41, 0, 0.15%, 0, 0, 8, 3085.92
1520999052, 3, 65, 85, 39, 0, 0.15%, 0, 0, 8, 3355.65
1520999057, 3, 80, 89, 42, 0, 0.15%, 4, 0, 8, 3032.37
1520999062, 3, 80, 90, 43, 0, 0.15%, 5, 1, 8, 3161.25
1520999072, 3, 85, 90, 42, 0, 0.15%, 6, 1, 8, 3281.73
1520999077, 4, 24, 90, 41, 0, 0.15%, 6, 1, 8, 3421.47
1520999093, 4, 30, 90, 40, 0, 0.15%, 6, 1, 8, 3037.16
1520999108, 4, 38, 90, 39, 0, 0.15%, 6, 1, 8, 3028.60
1520999118, 4, 46, 90, 38, 0, 0.15%, 6, 1, 8, 3216.49
1520999123, 4, 49, 90, 37, 0, 0.15%, 6, 1, 8, 3290.12
1520999144, 4, 53, 91, 37, 0, 0.15%, 7, 1, 8, 2962.40
1520999164, 5, 5, 92, 35, 0, 0.15%, 7, 1, 8, 3247.08
1520999204, 5, 27, 92, 33, 0, 0.15%, 7, 1, 8, 3051.13
1520999220, 5, 48, 92, 32, 0, 0.15%, 7, 1, 8, 2985.99
1520999235, 5, 56, 92, 31, 0, 0.15%, 7, 1, 8, 2890.61
1520999240, 5, 63, 92, 30, 0, 0.15%, 7, 1, 8, 3212.93
1520999245, 5, 86, 92, 28, 0, 0.15%, 7, 1, 8, 73.24
