# unix_time, cycles_done, cur_path, paths_total, pending_total, pending_favs, map_size, unique_crashes, unique_hangs, max_depth, execs_per_sec
1520914697, 0, 0, 13, 13, 3, 0.11%, 0, 0, 1, 2000.00
1520914702, 0, 1, 24, 24, 3, 0.11%, 8, 0, 2, 2894.79
1520914722, 0, 1, 37, 37, 3, 0.11%, 11, 0, 2, 3101.60
1520914732, 0, 20, 37, 36, 5, 0.11%, 11, 0, 2, 2552.14
1520914753, 0, 26, 37, 35, 4, 0.11%, 11, 0, 2, 3103.24
1520914773, 0, 27, 39, 36, 4, 0.11%, 11, 0, 3, 3070.94
1520914788, 0, 31, 40, 36, 3, 0.11%, 11, 0, 3, 3061.26
1520914808, 0, 36, 40, 35, 2, 0.11%, 11, 0, 3, 3197.88
1520914813, 0, 38, 40, 34, 1, 0.11%, 11, 0, 3, 3128.80
1520914824, 1, 0, 40, 33, 0, 0.11%, 11, 0, 3, 3053.47
1520914844, 1, 5, 40, 31, 0, 0.11%, 11, 0, 3, 3110.54
1520914849, 1, 5, 43, 34, 0, 0.11%, 11, 0, 3, 3037.98
1520914859, 1, 5, 44, 35, 0, 0.11%, 11, 0, 3, 2969.85
1520914885, 1, 10, 45, 35, 0, 0.11%, 11, 0, 3, 3077.85
1520914900, 1, 10, 46, 36, 0, 0.11%, 11, 0, 3, 3051.34
1520914925, 1, 14, 46, 35, 0, 0.11%, 11, 0, 3, 3088.74
1520914945, 1, 16, 46, 34, 0, 0.11%, 11, 0, 3, 3140.97
1520914960, 1, 28, 46, 33, 0, 0.11%, 11, 0, 3, 3167.12
1520914965, 1, 29, 46, 32, 0, 0.11%, 11, 0, 3, 3217.05
1520914970, 1, 35, 47, 32, 0, 0.11%, 11, 0, 3, 3200.51
1520914981, 1, 39, 47, 31, 0, 0.11%, 11, 0, 3, 3156.98
1520915001, 1, 42, 47, 30, 0, 0.11%, 11, 0, 3, 3073.02
1520915006, 1, 42, 48, 31, 0, 0.11%, 11, 0, 3, 3072.73
1520915036, 1, 44, 48, 30, 0, 0.11%, 11, 0, 3, 3116.06
1520915067, 1, 47, 48, 29, 0, 0.11%, 11, 0, 3, 3061.27
1520915102, 2, 13, 48, 28, 0, 0.11%, 11, 0, 3, 3123.90
1520915123, 2, 19, 48, 27, 0, 0.11%, 11, 0, 3, 3136.68
1520915143, 2, 30, 48, 26, 0, 0.11%, 11, 0, 3, 3148.50
1520915148, 3, 0, 48, 25, 0, 0.11%, 11, 0, 3, 3136.57
1520915153, 3, 7, 50, 27, 0, 0.11%, 11, 0, 3, 3087.80
1520915188, 3, 12, 51, 27, 0, 0.11%, 11, 0, 3, 2943.29
1520915270, 3, 17, 51, 26, 0, 0.11%, 11, 0, 3, 3050.54
1520915290, 3, 22, 51, 25, 0, 0.11%, 11, 0, 3, 3153.36
1520915310, 3, 33, 53, 26, 0, 0.11%, 11, 0, 3, 3137.62
1520915326, 3, 41, 53, 25, 0, 0.11%, 11, 0, 3, 3097.71
1520915361, 3, 46, 53, 24, 0, 0.11%, 11, 0, 3, 2785.76
1520915372, 3, 51, 53, 23, 0, 0.11%, 11, 0, 3, 3070.77
1520915433, 3, 52, 53, 22, 0, 0.11%, 11, 0, 3, 3012.82
1520915595, 4, 4, 56, 24, 0, 0.11%, 11, 0, 4, 1775.24
1520915651, 4, 6, 59, 26, 0, 0.11%, 11, 0, 4, 2774.87
1520915702, 4, 8, 59, 25, 0, 0.11%, 11, 0, 4, 3051.49
1520915743, 4, 15, 59, 24, 0, 0.11%, 11, 0, 4, 3108.05
1520915763, 4, 21, 59, 23, 0, 0.11%, 11, 0, 4, 3154.70
1520915789, 4, 24, 59, 22, 0, 0.11%, 11, 0, 4, 1001.25
1520915819, 4, 43, 59, 21, 0, 0.11%, 11, 0, 4, 3074.15
1520915870, 4, 45, 59, 20, 0, 0.11%, 11, 0, 4, 2593.33
1520915916, 4, 53, 59, 19, 0, 0.11%, 11, 0, 4, 2968.99
1520916088, 4, 58, 60, 19, 0, 0.11%, 11, 0, 5, 2869.52
1520916286, 5, 11, 60, 18, 0, 0.11%, 11, 0, 5, 2904.12
1520916332, 5, 32, 60, 17, 0, 0.11%, 11, 0, 5, 3126.79
1520916342, 5, 56, 60, 16, 0, 0.11%, 11, 0, 5, 2975.69
1520916543, 6, 9, 60, 15, 0, 0.11%, 11, 0, 5, 2908.37
1520916594, 6, 37, 60, 14, 0, 0.11%, 11, 0, 5, 3108.57
1520916619, 6, 40, 60, 13, 0, 0.11%, 11, 0, 5, 2944.30
1520916665, 6, 57, 60, 12, 0, 0.11%, 11, 0, 5, 2862.64
1520916874, 7, 49, 60, 11, 0, 0.11%, 11, 0, 5, 2997.87
1520916920, 7, 59, 60, 10, 0, 0.11%, 11, 0, 5, 2648.85
1520917477, 7, 59, 62, 12, 0, 0.11%, 11, 0, 6, 2588.92
1520917487, 7, 60, 62, 11, 0, 0.11%, 11, 0, 6, 2773.60
1520918136, 7, 61, 62, 10, 0, 0.11%, 11, 0, 6, 2542.74
