# unix_time, cycles_done, cur_path, paths_total, pending_total, pending_favs, map_size, unique_crashes, unique_hangs, max_depth, execs_per_sec
1521002546, 0, 0, 1, 1, 1, 0.10%, 0, 0, 1, 666.67
1521002551, 0, 0, 7, 7, 1, 0.10%, 5, 0, 2, 2708.83
1521002556, 0, 0, 13, 13, 1, 0.10%, 8, 0, 2, 3069.76
1521002561, 0, 0, 15, 15, 1, 0.10%, 8, 0, 2, 3122.43
1521002581, 0, 0, 21, 21, 1, 0.10%, 10, 0, 2, 3307.52
1521002586, 0, 0, 33, 33, 1, 0.11%, 10, 0, 2, 3341.13
1521002591, 0, 9, 36, 35, 4, 0.11%, 10, 0, 2, 3361.45
1521002627, 0, 18, 36, 34, 3, 0.11%, 10, 0, 2, 3269.04
1521002652, 0, 18, 41, 39, 3, 0.11%, 10, 0, 3, 3209.46
1521002657, 0, 18, 44, 42, 3, 0.11%, 10, 0, 3, 3280.42
1521002662, 0, 30, 44, 41, 4, 0.11%, 10, 0, 3, 3341.09
1521002667, 0, 37, 44, 40, 3, 0.11%, 10, 0, 3, 3325.92
1521002677, 0, 44, 46, 40, 1, 0.11%, 10, 0, 5, 3368.52
1521002682, 0, 45, 46, 39, 1, 0.11%, 10, 0, 5, 3383.34
1521002687, 1, 4, 46, 38, 0, 0.11%, 10, 0, 5, 3387.61
1521002718, 1, 6, 46, 37, 0, 0.11%, 10, 0, 5, 3157.79
1521002753, 1, 16, 46, 36, 0, 0.11%, 10, 0, 5, 2063.28
1521002789, 1, 21, 46, 35, 0, 0.11%, 10, 0, 5, 3315.32
1521002799, 1, 31, 46, 34, 0, 0.11%, 10, 0, 5, 3329.97
1521002819, 1, 36, 46, 33, 0, 0.11%, 10, 0, 5, 3359.97
1521002839, 1, 43, 47, 33, 0, 0.11%, 10, 0, 5, 3399.54
1521002844, 1, 46, 47, 32, 0, 0.11%, 10, 0, 5, 3513.04
1521002849, 2, 1, 47, 31, 0, 0.11%, 10, 0, 5, 3496.63
1521002885, 2, 11, 47, 30, 0, 0.11%, 10, 0, 5, 3288.14
1521002920, 2, 14, 47, 29, 0, 0.11%, 10, 0, 5, 3287.16
1521002950, 2, 25, 47, 28, 0, 0.11%, 10, 0, 5, 3347.77
1521002955, 2, 26, 47, 27, 0, 0.11%, 10, 0, 5, 3318.46
1521002981, 2, 27, 47, 26, 0, 0.11%, 10, 0, 5, 3314.49
1521003011, 2, 29, 47, 25, 0, 0.11%, 10, 0, 5, 3326.45
1521003042, 2, 41, 47, 24, 0, 0.11%, 10, 0, 5, 3279.98
1521003057, 3, 8, 48, 24, 0, 0.11%, 10, 0, 5, 3349.27
1521003092, 3, 10, 50, 25, 0, 0.11%, 10, 0, 5, 3268.82
1521003128, 3, 15, 50, 24, 0, 0.11%, 10, 0, 5, 3192.57
1521003163, 3, 20, 53, 26, 0, 0.11%, 10, 0, 5, 3271.24
1521003199, 3, 22, 53, 25, 0, 0.11%, 10, 0, 5, 3280.42
1521003229, 3, 28, 54, 25, 0, 0.11%, 10, 0, 5, 3407.35
1521003234, 3, 32, 55, 25, 0, 0.11%, 10, 0, 5, 3308.82
1521003270, 3, 40, 55, 24, 0, 0.11%, 10, 0, 5, 3280.76
1521003290, 3, 45, 55, 23, 0, 0.11%, 10, 0, 5, 3361.89
1521003295, 3, 48, 55, 23, 0, 0.11%, 10, 0, 5, 3261.73
1521003330, 3, 49, 55, 22, 0, 0.11%, 10, 0, 5, 3315.37
1521003367, 3, 52, 55, 21, 0, 0.11%, 10, 0, 5, 3251.98
1521003433, 3, 53, 56, 21, 0, 0.11%, 10, 0, 5, 3170.18
1521003570, 3, 53, 60, 25, 0, 0.11%, 10, 0, 5, 3144.28
1521003580, 3, 57, 61, 25, 0, 0.11%, 10, 0, 5, 3210.91
1521003631, 3, 57, 62, 26, 0, 0.11%, 10, 0, 5, 3011.82
1521003707, 3, 57, 63, 27, 0, 0.11%, 10, 0, 5, 3179.88
1521003712, 3, 58, 65, 28, 0, 0.11%, 10, 0, 5, 3173.53
1521003803, 3, 59, 65, 27, 0, 0.11%, 10, 0, 5, 3079.83
1521003930, 3, 60, 66, 27, 0, 0.11%, 10, 0, 5, 2947.09
1521004128, 3, 62, 66, 26, 0, 0.11%, 10, 0, 5, 3044.90
1521004254, 3, 63, 66, 25, 0, 0.11%, 10, 0, 5, 2989.55
1521004376, 4, 2, 66, 24, 0, 0.11%, 10, 0, 5, 3114.93
1521004416, 4, 12, 66, 23, 0, 0.11%, 10, 0, 5, 3285.92
1521004452, 4, 39, 66, 22, 0, 0.11%, 10, 0, 5, 3272.82
1521004467, 4, 55, 66, 21, 0, 0.11%, 10, 0, 5, 2512.95
1521004604, 4, 56, 66, 20, 0, 0.11%, 10, 0, 5, 2934.27
1521004838, 4, 56, 69, 23, 0, 0.11%, 10, 0, 5, 2982.10
1521004848, 4, 66, 69, 22, 0, 0.11%, 10, 0, 5, 2955.32
1521005122, 4, 68, 69, 21, 0, 0.11%, 10, 0, 5, 2680.52
1521005515, 5, 7, 69, 20, 0, 0.11%, 10, 0, 5, 2906.93
1521005556, 5, 13, 69, 19, 0, 0.11%, 10, 0, 5, 3246.32
1521005596, 5, 23, 69, 18, 0, 0.11%, 10, 0, 5, 3271.38
1521005642, 5, 24, 69, 17, 0, 0.11%, 10, 0, 5, 3207.73
1521005677, 5, 42, 69, 16, 0, 0.11%, 10, 0, 5, 3328.32
1521005687, 5, 61, 70, 16, 0, 0.11%, 10, 0, 5, 3153.62
1521005824, 5, 64, 70, 15, 0, 0.11%, 10, 0, 5, 3007.81
1521005969, 5, 65, 70, 14, 0, 0.11%, 10, 0, 5, 3053.12
1521006105, 5, 67, 70, 13, 0, 0.11%, 10, 0, 5, 2818.87
